[gd_scene load_steps=12 format=3 uid="uid://bts85jkpxcyyl"]

[ext_resource type="Script" path="res://scripts/midi_processor.gd" id="1_3kk6h"]
[ext_resource type="Script" path="res://addons/midi/MidiPlayerAddon.gd" id="3_1tp21"]
[ext_resource type="PackedScene" uid="uid://cy5368pba2n3j" path="res://scenes/midi_receiver.tscn" id="3_q3lke"]
[ext_resource type="PackedScene" uid="uid://hstcclti5c4p" path="res://scenes/waves.tscn" id="7_le7pq"]
[ext_resource type="PackedScene" uid="uid://ce8xjht875i31" path="res://scenes/top_waves.tscn" id="8_d61oi"]
[ext_resource type="Shader" path="res://scripts/strings.gdshader" id="8_yp5tl"]

[sub_resource type="ProceduralSkyMaterial" id="ProceduralSkyMaterial_8urim"]
sky_top_color = Color(0.828516, 0.524664, 7.70092e-07, 1)
sky_horizon_color = Color(0.627077, 0.636225, 0.825774, 1)
ground_bottom_color = Color(0.13515, 0.248337, 0.334171, 1)
ground_horizon_color = Color(0.615434, 0.638822, 0.834779, 1)

[sub_resource type="Sky" id="Sky_pbdgm"]
sky_material = SubResource("ProceduralSkyMaterial_8urim")

[sub_resource type="Environment" id="Environment_xo5ig"]
background_mode = 1
background_color = Color(0.303114, 0.513571, 0.3666, 1)
sky = SubResource("Sky_pbdgm")
fog_light_energy = 0.0
fog_sun_scatter = 0.58
fog_density = 0.7395
volumetric_fog_density = 0.2265

[sub_resource type="ShaderMaterial" id="ShaderMaterial_a7wmh"]
render_priority = 0
shader = ExtResource("8_yp5tl")
shader_parameter/overallSpeed = 0.2
shader_parameter/width = 0.5
shader_parameter/lineColor = Color(0.25, 0.5, 1, 1)
shader_parameter/scale = 5.0

[sub_resource type="PlaneMesh" id="PlaneMesh_grwkl"]
lightmap_size_hint = Vector2i(3, 3)
material = SubResource("ShaderMaterial_a7wmh")
subdivide_width = 85
subdivide_depth = 120
orientation = 2

[node name="Main" type="Node3D"]
script = ExtResource("1_3kk6h")

[node name="SpotLight3D" type="SpotLight3D" parent="."]
transform = Transform3D(0.93199, 0.357975, -0.0569998, -0.303022, 0.855709, 0.419452, 0.198929, -0.373653, 0.905986, 0, 1.5, 1)
layers = 3
light_energy = 8.0

[node name="SpotLight3D2" type="SpotLight3D" parent="."]
transform = Transform3D(0.92958, 0.32905, 0.166155, -0.333116, 0.942879, -0.0035875, -0.157844, -0.0520139, 0.986093, 1.024, 0.02, 1.284)
layers = 3
light_energy = 2.378

[node name="ArlezMidiPlayer" type="Node" parent="."]
script = ExtResource("3_1tp21")
file = "res://midi/in_a_mellow_tone_djl.mid"
soundfont = "res://data/Timbres of Heaven (XGM) 4.00(G).sf2"

[node name="MidiReceiver" parent="." instance=ExtResource("3_q3lke")]

[node name="Camera3D" type="Camera3D" parent="."]
cull_mask = 1048573
current = true

[node name="Synaesthesia" type="Node3D" parent="Camera3D"]

[node name="WorldEnvironment" type="WorldEnvironment" parent="."]
environment = SubResource("Environment_xo5ig")

[node name="Waves" parent="." instance=ExtResource("7_le7pq")]
transform = Transform3D(1, 0, 0, 0, 0.705871, -0.70834, 0, 0.70834, 0.705871, 0, -0.24026, -1.1051)

[node name="Strings" type="MeshInstance3D" parent="."]
transform = Transform3D(1, 0, 0, 0, 1, 0, 0, 0, 1, 0, 0, -0.175)
layers = 3
mesh = SubResource("PlaneMesh_grwkl")

[node name="TopWaves" parent="." instance=ExtResource("8_d61oi")]
transform = Transform3D(1.395, 0, 0, 0, -0.967267, 0.253758, 0, -0.253758, -0.967267, 0, 1.5, -2.05)

[connection signal="midi_event" from="ArlezMidiPlayer" to="MidiReceiver" method="_on_arlez_midi_player_midi_event"]
[connection signal="note_off" from="MidiReceiver" to="." method="_on_midi_receiver_note_off"]
[connection signal="note_on" from="MidiReceiver" to="." method="_on_midi_receiver_note_on"]
